0.000000	0.000000
0.000000	0.000000
0.062832	-0.147871
0.125664	-0.620604
0.188496	-1.452013
0.251327	-2.661701
0.314159	-4.254178
0.376991	-6.218507
0.439823	-8.528520
0.523599	-12.074073
0.526906	-12.223406
0.530213	-12.373371
0.533520	-12.523959
0.536827	-12.675159
0.540133	-12.826963
0.543440	-12.979361
0.546747	-13.132343
0.550054	-13.285898
0.553361	-13.440018
0.556668	-13.594693
0.559975	-13.749911
0.563282	-13.905664
0.566589	-14.061940
0.569896	-14.218730
0.573203	-14.376024
0.576510	-14.533810
0.579817	-14.692078
0.583124	-14.850819
0.586431	-15.010020
0.589738	-15.169673
0.593045	-15.329765
0.596351	-15.490285
0.599658	-15.651224
0.602965	-15.812571
0.606272	-15.974313
0.609579	-16.136440
0.612886	-16.298942
0.616193	-16.461806
0.619500	-16.625022
0.622807	-16.788578
0.626114	-16.952463
0.629421	-17.116665
0.632728	-17.281174
0.636035	-17.445977
0.639342	-17.611063
0.642649	-17.776420
0.645956	-17.942037
0.649262	-18.107903
0.652569	-18.274004
0.655876	-18.440330
0.659183	-18.606869
0.662490	-18.773608
0.665797	-18.940537
0.669104	-19.107642
0.672411	-19.274912
0.675718	-19.442335
0.679025	-19.609898
0.682332	-19.777591
0.685639	-19.945399
0.688946	-20.113312
0.692253	-20.281318
0.695560	-20.449403
0.698867	-20.617555
0.702174	-20.785763
0.705480	-20.954013
0.708787	-21.122295
0.712094	-21.290594
0.715401	-21.458899
0.718708	-21.627197
0.722015	-21.795476
0.725322	-21.963724
0.728629	-22.131927
0.731936	-22.300074
0.735243	-22.468151
0.738550	-22.636147
0.741857	-22.804048
0.745164	-22.971843
0.748471	-23.139517
0.751778	-23.307060
0.755085	-23.474458
0.758391	-23.641699
0.761698	-23.808769
0.765005	-23.975657
0.768312	-24.142349
0.771619	-24.308834
0.774926	-24.475097
0.778233	-24.641128
0.781540	-24.806912
0.784847	-24.972438
0.788154	-25.137693
0.791461	-25.302664
0.794768	-25.467338
0.798075	-25.631703
0.801382	-25.795746
0.804689	-25.959454
0.807996	-26.122815
0.811303	-26.285817
0.814609	-26.448446
0.817916	-26.610690
0.821223	-26.772537
0.824530	-26.933974
0.827837	-27.094988
0.831144	-27.255566
0.834451	-27.415698
0.837758	-27.575369
0.841065	-27.734567
0.844372	-27.893280
0.847679	-28.051496
0.850986	-28.209202
0.854293	-28.366386
0.857600	-28.523035
0.860907	-28.679137
0.864214	-28.834679
0.867520	-28.989651
0.870827	-29.144038
0.874134	-29.297830
0.877441	-29.451013
0.880748	-29.603577
0.884055	-29.755508
0.887362	-29.906794
0.890669	-30.057425
0.893976	-30.207386
0.897283	-30.356668
0.900590	-30.505258
0.903897	-30.653143
0.907204	-30.800312
0.910511	-30.946754
0.913818	-31.092457
0.917125	-31.237409
0.920432	-31.381598
0.923738	-31.525013
0.927045	-31.667642
0.930352	-31.809474
0.933659	-31.950497
0.936966	-32.090701
0.940273	-32.230073
0.943580	-32.368603
0.946887	-32.506279
0.950194	-32.643090
0.953501	-32.779026
0.956808	-32.914074
0.960115	-33.048225
0.963422	-33.181467
0.966729	-33.313790
0.970036	-33.445182
0.973343	-33.575633
0.976650	-33.705133
0.979956	-33.833670
0.983263	-33.961235
0.986570	-34.087816
0.989877	-34.213405
0.993184	-34.337989
0.996491	-34.461560
0.999798	-34.584106
1.003105	-34.705619
1.006412	-34.826087
1.009719	-34.945502
1.013026	-35.063852
1.016333	-35.181130
1.019640	-35.297323
1.022947	-35.412425
1.026254	-35.526424
1.029561	-35.639311
1.032867	-35.751077
1.036174	-35.861713
1.039481	-35.971209
1.042788	-36.079557
1.046095	-36.186747
1.049402	-36.292771
1.052709	-36.397620
1.056016	-36.501284
1.059323	-36.603756
1.062630	-36.705027
1.065937	-36.805088
1.069244	-36.903931
1.072551	-37.001548
1.075858	-37.097931
1.079165	-37.193070
1.082472	-37.286960
1.085779	-37.379591
1.089085	-37.470956
1.092392	-37.561047
1.095699	-37.649856
1.099006	-37.737377
1.102313	-37.823601
1.105620	-37.908522
1.108927	-37.992131
1.112234	-38.074423
1.115541	-38.155390
1.118848	-38.235025
1.122155	-38.313322
1.125462	-38.390273
1.128769	-38.465873
1.132076	-38.540114
1.135383	-38.612991
1.138690	-38.684497
1.141996	-38.754626
1.145303	-38.823372
1.148610	-38.890729
1.151917	-38.956692
1.155224	-39.021254
1.158531	-39.084410
1.161838	-39.146154
1.165145	-39.206482
1.168452	-39.265387
1.171759	-39.322866
1.175066	-39.378912
1.178373	-39.433521
1.181680	-39.486688
1.184987	-39.538409
1.188294	-39.588678
1.191601	-39.637492
1.194908	-39.684846
1.198214	-39.730736
1.201521	-39.775157
1.204828	-39.818107
1.208135	-39.859580
1.211442	-39.899574
1.214749	-39.938084
1.218056	-39.975107
1.221363	-40.010640
1.224670	-40.044679
1.227977	-40.077222
1.231284	-40.108265
1.234591	-40.137805
1.237898	-40.165840
1.241205	-40.192367
1.244512	-40.217383
1.247819	-40.240887
1.251125	-40.262875
1.254432	-40.283346
1.257739	-40.302297
1.261046	-40.319726
1.264353	-40.335633
1.267660	-40.350015
1.270967	-40.362870
1.274274	-40.374197
1.277581	-40.383995
1.280888	-40.392263
1.284195	-40.399000
1.287502	-40.404204
1.290809	-40.407875
1.294116	-40.410012
1.297423	-40.410614
1.300730	-40.409682
1.304037	-40.407215
1.307343	-40.403212
1.310650	-40.397674
1.313957	-40.390601
1.317264	-40.381992
1.320571	-40.371849
1.323878	-40.360171
1.327185	-40.346959
1.330492	-40.332214
1.333799	-40.315937
1.337106	-40.298128
1.340413	-40.278789
1.343720	-40.257921
1.347027	-40.235525
1.350334	-40.211602
1.353641	-40.186155
1.356948	-40.159184
1.360255	-40.130692
1.363561	-40.100680
1.366868	-40.069150
1.370175	-40.036106
1.373482	-40.001548
1.376789	-39.965480
1.380096	-39.927904
1.383403	-39.888822
1.386710	-39.848237
1.390017	-39.806153
1.393324	-39.762572
1.396631	-39.717497
1.399938	-39.670933
1.403245	-39.622881
1.406552	-39.573345
1.409859	-39.522330
1.413166	-39.469839
1.416472	-39.415875
1.419779	-39.360443
1.423086	-39.303547
1.426393	-39.245191
1.429700	-39.185380
1.433007	-39.124117
1.436314	-39.061408
1.439621	-38.997256
1.442928	-38.931668
1.446235	-38.864647
1.449542	-38.796199
1.452849	-38.726329
1.456156	-38.655043
1.459463	-38.582344
1.462770	-38.508240
1.466077	-38.432735
1.469384	-38.355836
1.472690	-38.277548
1.475997	-38.197877
1.479304	-38.116829
1.482611	-38.034410
1.485918	-37.950627
1.489225	-37.865486
1.492532	-37.778993
1.495839	-37.691154
1.499146	-37.601978
1.502453	-37.511470
1.505760	-37.419637
1.509067	-37.326486
1.512374	-37.232025
1.515681	-37.136260
1.518988	-37.039199
1.522295	-36.940850
1.525601	-36.841219
1.528908	-36.740314
1.532215	-36.638144
1.535522	-36.534716
1.538829	-36.430037
1.542136	-36.324117
1.545443	-36.216962
1.548750	-36.108582
1.552057	-35.998983
1.555364	-35.888176
1.558671	-35.776168
1.561978	-35.662968
1.565285	-35.548584
1.568592	-35.433026
1.571899	-35.316302
1.575206	-35.198421
1.578513	-35.079392
1.581819	-34.959224
1.585126	-34.837927
1.588433	-34.715509
1.591740	-34.591981
1.595047	-34.467350
1.598354	-34.341628
1.601661	-34.214824
1.604968	-34.086947
1.608275	-33.958007
1.611582	-33.828014
1.614889	-33.696978
1.618196	-33.564909
1.621503	-33.431818
1.624810	-33.297713
1.628117	-33.162606
1.631424	-33.026506
1.634730	-32.889425
1.638037	-32.751372
1.641344	-32.612359
1.644651	-32.472395
1.647958	-32.331492
1.651265	-32.189660
1.654572	-32.046910
1.657879	-31.903253
1.661186	-31.758700
1.664493	-31.613261
1.667800	-31.466949
1.671107	-31.319773
1.674414	-31.171745
1.677721	-31.022877
1.681028	-30.873180
1.684335	-30.722665
1.687642	-30.571343
1.690948	-30.419226
1.694255	-30.266326
1.697562	-30.112653
1.700869	-29.958221
1.704176	-29.803040
1.707483	-29.647122
1.710790	-29.490479
1.714097	-29.333122
1.717404	-29.175064
1.720711	-29.016317
1.724018	-28.856892
1.727325	-28.696802
1.730632	-28.536058
1.733939	-28.374673
1.737246	-28.212658
1.740553	-28.050027
1.743860	-27.886790
1.747166	-27.722961
1.750473	-27.558551
1.753780	-27.393574
1.757087	-27.228040
1.760394	-27.061964
1.763701	-26.895356
1.767008	-26.728230
1.770315	-26.560597
1.773622	-26.392471
1.776929	-26.223864
1.780236	-26.054789
1.783543	-25.885257
1.786850	-25.715282
1.790157	-25.544876
1.793464	-25.374052
1.796771	-25.202823
1.800077	-25.031200
1.803384	-24.859197
1.806691	-24.686827
1.809998	-24.514102
1.813305	-24.341034
1.816612	-24.167637
1.819919	-23.993924
1.823226	-23.819906
1.826533	-23.645598
1.829840	-23.471010
1.833147	-23.296157
1.836454	-23.121052
1.839761	-22.945706
1.843068	-22.770132
1.846375	-22.594344
1.849682	-22.418354
1.852989	-22.242175
1.856295	-22.065819
1.859602	-21.889300
1.862909	-21.712630
1.866216	-21.535822
1.869523	-21.358888
1.872830	-21.181842
1.876137	-21.004695
1.879444	-20.827462
1.882751	-20.650154
1.886058	-20.472784
1.889365	-20.295365
1.892672	-20.117909
1.895979	-19.940429
1.899286	-19.762938
1.902593	-19.585448
1.905900	-19.407972
1.909206	-19.230522
1.912513	-19.053111
1.915820	-18.875751
1.919127	-18.698455
1.922434	-18.521235
1.925741	-18.344104
1.929048	-18.167074
1.932355	-17.990157
1.935662	-17.813366
1.938969	-17.636713
1.942276	-17.460211
1.945583	-17.283870
1.948890	-17.107704
1.952197	-16.931725
1.955504	-16.755945
1.958811	-16.580376
1.962118	-16.405029
1.965424	-16.229918
1.968731	-16.055053
1.972038	-15.880447
1.975345	-15.706112
1.978652	-15.532059
1.981959	-15.358301
1.985266	-15.184848
1.988573	-15.011712
1.991880	-14.838906
1.995187	-14.666440
1.998494	-14.494326
2.001801	-14.322576
2.005108	-14.151201
2.008415	-13.980212
2.011722	-13.809621
2.015029	-13.639439
2.018335	-13.469676
2.021642	-13.300344
2.024949	-13.131455
2.028256	-12.963018
2.031563	-12.795046
2.034870	-12.627548
2.038177	-12.460535
2.041484	-12.294019
2.044791	-12.128010
2.048098	-11.962518
2.051405	-11.797555
2.054712	-11.633129
2.058019	-11.469252
2.061326	-11.305935
2.064633	-11.143186
2.067940	-10.981017
2.071247	-10.819438
2.074553	-10.658458
2.077860	-10.498087
2.081167	-10.338335
2.084474	-10.179212
2.087781	-10.020728
2.091088	-9.862892
2.094395	-9.705714
2.157227	-6.856316
2.220059	-4.305304
2.282891	-2.098426
2.345723	-0.267277
2.408554	1.171634
2.471386	2.217279
2.534218	2.883949
2.597050	3.200546
2.659882	3.209354
2.722714	2.964325
2.785545	2.528957
2.848377	1.973830
2.911209	1.373882
2.974041	0.805543
3.036873	0.343804
3.099705	0.059347
3.162537	0.015828
3.225368	0.267404
3.288200	0.856616
3.351032	1.812672
3.413864	3.150216
3.476696	4.868621
3.539528	6.951822
3.602360	9.368712
3.665191	12.074073
3.668498	12.223406
3.671805	12.373371
3.675112	12.523959
3.678419	12.675159
3.681726	12.826963
3.685033	12.979361
3.688340	13.132343
3.691647	13.285898
3.694954	13.440018
3.698261	13.594693
3.701568	13.749911
3.704875	13.905664
3.708182	14.061940
3.711489	14.218730
3.714796	14.376024
3.718102	14.533810
3.721409	14.692078
3.724716	14.850819
3.728023	15.010020
3.731330	15.169673
3.734637	15.329765
3.737944	15.490285
3.741251	15.651224
3.744558	15.812571
3.747865	15.974313
3.751172	16.136440
3.754479	16.298942
3.757786	16.461806
3.761093	16.625022
3.764400	16.788578
3.767707	16.952463
3.771013	17.116665
3.774320	17.281174
3.777627	17.445977
3.780934	17.611063
3.784241	17.776420
3.787548	17.942037
3.790855	18.107903
3.794162	18.274004
3.797469	18.440330
3.800776	18.606869
3.804083	18.773608
3.807390	18.940537
3.810697	19.107642
3.814004	19.274912
3.817311	19.442335
3.820618	19.609898
3.823925	19.777591
3.827231	19.945399
3.830538	20.113312
3.833845	20.281318
3.837152	20.449403
3.840459	20.617555
3.843766	20.785763
3.847073	20.954013
3.850380	21.122295
3.853687	21.290594
3.856994	21.458899
3.860301	21.627197
3.863608	21.795476
3.866915	21.963724
3.870222	22.131927
3.873529	22.300074
3.876836	22.468151
3.880143	22.636147
3.883449	22.804048
3.886756	22.971843
3.890063	23.139517
3.893370	23.307060
3.896677	23.474458
3.899984	23.641699
3.903291	23.808769
3.906598	23.975657
3.909905	24.142349
3.913212	24.308834
3.916519	24.475097
3.919826	24.641128
3.923133	24.806912
3.926440	24.972438
3.929747	25.137693
3.933054	25.302664
3.936360	25.467338
3.939667	25.631703
3.942974	25.795746
3.946281	25.959454
3.949588	26.122815
3.952895	26.285817
3.956202	26.448446
3.959509	26.610690
3.962816	26.772537
3.966123	26.933974
3.969430	27.094988
3.972737	27.255566
3.976044	27.415698
3.979351	27.575369
3.982658	27.734567
3.985965	27.893280
3.989272	28.051496
3.992578	28.209202
3.995885	28.366386
3.999192	28.523035
4.002499	28.679137
4.005806	28.834679
4.009113	28.989651
4.012420	29.144038
4.015727	29.297830
4.019034	29.451013
4.022341	29.603577
4.025648	29.755508
4.028955	29.906794
4.032262	30.057425
4.035569	30.207386
4.038876	30.356668
4.042183	30.505258
4.045489	30.653143
4.048796	30.800312
4.052103	30.946754
4.055410	31.092457
4.058717	31.237409
4.062024	31.381598
4.065331	31.525013
4.068638	31.667642
4.071945	31.809474
4.075252	31.950497
4.078559	32.090701
4.081866	32.230073
4.085173	32.368603
4.088480	32.506279
4.091787	32.643090
4.095094	32.779026
4.098401	32.914074
4.101707	33.048225
4.105014	33.181467
4.108321	33.313790
4.111628	33.445182
4.114935	33.575633
4.118242	33.705133
4.121549	33.833670
4.124856	33.961235
4.128163	34.087816
4.131470	34.213405
4.134777	34.337989
4.138084	34.461560
4.141391	34.584106
4.144698	34.705619
4.148005	34.826087
4.151312	34.945502
4.154618	35.063852
4.157925	35.181130
4.161232	35.297323
4.164539	35.412425
4.167846	35.526424
4.171153	35.639311
4.174460	35.751077
4.177767	35.861713
4.181074	35.971209
4.184381	36.079557
4.187688	36.186747
4.190995	36.292771
4.194302	36.397620
4.197609	36.501284
4.200916	36.603756
4.204223	36.705027
4.207530	36.805088
4.210836	36.903931
4.214143	37.001548
4.217450	37.097931
4.220757	37.193070
4.224064	37.286960
4.227371	37.379591
4.230678	37.470956
4.233985	37.561047
4.237292	37.649856
4.240599	37.737377
4.243906	37.823601
4.247213	37.908522
4.250520	37.992131
4.253827	38.074423
4.257134	38.155390
4.260441	38.235025
4.263748	38.313322
4.267054	38.390273
4.270361	38.465873
4.273668	38.540114
4.276975	38.612991
4.280282	38.684497
4.283589	38.754626
4.286896	38.823372
4.290203	38.890729
4.293510	38.956692
4.296817	39.021254
4.300124	39.084410
4.303431	39.146154
4.306738	39.206482
4.310045	39.265387
4.313352	39.322866
4.316659	39.378912
4.319965	39.433521
4.323272	39.486688
4.326579	39.538409
4.329886	39.588678
4.333193	39.637492
4.336500	39.684846
4.339807	39.730736
4.343114	39.775157
4.346421	39.818107
4.349728	39.859580
4.353035	39.899574
4.356342	39.938084
4.359649	39.975107
4.362956	40.010640
4.366263	40.044679
4.369570	40.077222
4.372877	40.108265
4.376183	40.137805
4.379490	40.165840
4.382797	40.192367
4.386104	40.217383
4.389411	40.240887
4.392718	40.262875
4.396025	40.283346
4.399332	40.302297
4.402639	40.319726
4.405946	40.335633
4.409253	40.350015
4.412560	40.362870
4.415867	40.374197
4.419174	40.383995
4.422481	40.392263
4.425788	40.399000
4.429094	40.404204
4.432401	40.407875
4.435708	40.410012
4.439015	40.410614
4.442322	40.409682
4.445629	40.407215
4.448936	40.403212
4.452243	40.397674
4.455550	40.390601
4.458857	40.381992
4.462164	40.371849
4.465471	40.360171
4.468778	40.346959
4.472085	40.332214
4.475392	40.315937
4.478699	40.298128
4.482006	40.278789
4.485312	40.257921
4.488619	40.235525
4.491926	40.211602
4.495233	40.186155
4.498540	40.159184
4.501847	40.130692
4.505154	40.100680
4.508461	40.069150
4.511768	40.036106
4.515075	40.001548
4.518382	39.965480
4.521689	39.927904
4.524996	39.888822
4.528303	39.848237
4.531610	39.806153
4.534917	39.762572
4.538223	39.717497
4.541530	39.670933
4.544837	39.622881
4.548144	39.573345
4.551451	39.522330
4.554758	39.469839
4.558065	39.415875
4.561372	39.360443
4.564679	39.303547
4.567986	39.245191
4.571293	39.185380
4.574600	39.124117
4.577907	39.061408
4.581214	38.997256
4.584521	38.931668
4.587828	38.864647
4.591135	38.796199
4.594441	38.726329
4.597748	38.655043
4.601055	38.582344
4.604362	38.508240
4.607669	38.432735
4.610976	38.355836
4.614283	38.277548
4.617590	38.197877
4.620897	38.116829
4.624204	38.034410
4.627511	37.950627
4.630818	37.865486
4.634125	37.778993
4.637432	37.691154
4.640739	37.601978
4.644046	37.511470
4.647353	37.419637
4.650659	37.326486
4.653966	37.232025
4.657273	37.136260
4.660580	37.039199
4.663887	36.940850
4.667194	36.841219
4.670501	36.740314
4.673808	36.638144
4.677115	36.534716
4.680422	36.430037
4.683729	36.324117
4.687036	36.216962
4.690343	36.108582
4.693650	35.998983
4.696957	35.888176
4.700264	35.776168
4.703570	35.662968
4.706877	35.548584
4.710184	35.433026
4.713491	35.316302
4.716798	35.198421
4.720105	35.079392
4.723412	34.959224
4.726719	34.837927
4.730026	34.715509
4.733333	34.591981
4.736640	34.467350
4.739947	34.341628
4.743254	34.214824
4.746561	34.086947
4.749868	33.958007
4.753175	33.828014
4.756482	33.696978
4.759788	33.564909
4.763095	33.431818
4.766402	33.297713
4.769709	33.162606
4.773016	33.026506
4.776323	32.889425
4.779630	32.751372
4.782937	32.612359
4.786244	32.472395
4.789551	32.331492
4.792858	32.189660
4.796165	32.046910
4.799472	31.903253
4.802779	31.758700
4.806086	31.613261
4.809393	31.466949
4.812699	31.319773
4.816006	31.171745
4.819313	31.022877
4.822620	30.873180
4.825927	30.722665
4.829234	30.571343
4.832541	30.419226
4.835848	30.266326
4.839155	30.112653
4.842462	29.958221
4.845769	29.803040
4.849076	29.647122
4.852383	29.490479
4.855690	29.333122
4.858997	29.175064
4.862304	29.016317
4.865611	28.856892
4.868917	28.696802
4.872224	28.536058
4.875531	28.374673
4.878838	28.212658
4.882145	28.050027
4.885452	27.886790
4.888759	27.722961
4.892066	27.558551
4.895373	27.393574
4.898680	27.228040
4.901987	27.061964
4.905294	26.895356
4.908601	26.728230
4.911908	26.560597
4.915215	26.392471
4.918522	26.223864
4.921828	26.054789
4.925135	25.885257
4.928442	25.715282
4.931749	25.544876
4.935056	25.374052
4.938363	25.202823
4.941670	25.031200
4.944977	24.859197
4.948284	24.686827
4.951591	24.514102
4.954898	24.341034
4.958205	24.167637
4.961512	23.993924
4.964819	23.819906
4.968126	23.645598
4.971433	23.471010
4.974740	23.296157
4.978046	23.121052
4.981353	22.945706
4.984660	22.770132
4.987967	22.594344
4.991274	22.418354
4.994581	22.242175
4.997888	22.065819
5.001195	21.889300
5.004502	21.712630
5.007809	21.535822
5.011116	21.358888
5.014423	21.181842
5.017730	21.004695
5.021037	20.827462
5.024344	20.650154
5.027651	20.472784
5.030957	20.295365
5.034264	20.117909
5.037571	19.940429
5.040878	19.762938
5.044185	19.585448
5.047492	19.407972
5.050799	19.230522
5.054106	19.053111
5.057413	18.875751
5.060720	18.698455
5.064027	18.521235
5.067334	18.344104
5.070641	18.167074
5.073948	17.990157
5.077255	17.813366
5.080562	17.636713
5.083869	17.460211
5.087175	17.283870
5.090482	17.107704
5.093789	16.931725
5.097096	16.755945
5.100403	16.580376
5.103710	16.405029
5.107017	16.229918
5.110324	16.055053
5.113631	15.880447
5.116938	15.706112
5.120245	15.532059
5.123552	15.358301
5.126859	15.184848
5.130166	15.011712
5.133473	14.838906
5.136780	14.666440
5.140087	14.494326
5.143393	14.322576
5.146700	14.151201
5.150007	13.980212
5.153314	13.809621
5.156621	13.639439
5.159928	13.469676
5.163235	13.300344
5.166542	13.131455
5.169849	12.963018
5.173156	12.795046
5.176463	12.627548
5.179770	12.460535
5.183077	12.294019
5.186384	12.128010
5.189691	11.962518
5.192998	11.797555
5.196304	11.633129
5.199611	11.469252
5.202918	11.305935
5.206225	11.143186
5.209532	10.981017
5.212839	10.819438
5.216146	10.658458
5.219453	10.498087
5.222760	10.338335
5.226067	10.179212
5.229374	10.020728
5.232681	9.862892
5.235988	9.705714
5.298820	6.856316
5.361651	4.305304
5.424483	2.098426
5.487315	0.267277
5.550147	-1.171634
5.612979	-2.217279
5.675811	-2.883949
5.738643	-3.200546
5.801474	-3.209354
5.864306	-2.964325
5.927138	-2.528957
5.989970	-1.973830
6.052802	-1.373882
6.115634	-0.805543
6.178466	-0.343804
